numero eventi: 1110
# eventi segnale: 123
percentuale di segnale: 11.0811 %
# eventi background: 987
percentuale di background: 88.9189 %
prime 10 masse invarianti: 
185.747
149.881
122.642
186.364
79.8338
103.389
118.433
140.756
114.972
130.55

printing descrizione completa primi 4 eventi: 
37.1495
-92.8737
61.9158
37.1495
37.1495
-92.8737
61.9158
37.1495
0
50.0111

29.9761
-74.9404
49.9602
29.9761
29.9761
-74.9404
49.9602
29.9761
0
50.0551

24.5284
-61.321
40.8807
24.5284
24.5284
-61.321
40.8807
24.5284
1
50.2392

37.2728
-93.182
62.1213
37.2728
37.2728
-93.182
62.1213
37.2728
0
50.5565

printing descrizione completa ultimi 4 eventi: 
39.4961
-98.7402
65.8268
39.4961
39.4961
-98.7402
65.8268
39.4961
0
199.703

30.6035
-76.5088
51.0058
30.6035
30.6035
-76.5088
51.0058
30.6035
0
199.73

12.2148
-30.537
20.358
12.2148
12.2148
-30.537
20.358
12.2148
0
199.753

27.7278
-69.3195
46.213
27.7278
27.7278
-69.3195
46.213
27.7278
0
199.779


medie
126.291
123.369
126.655

Deviazioni standard
41.7639
132.748
62.6257

massimi
199.779
198.555
199.779

minimi
50.0111
50.2392
50.0111
